1974
609
2369
2874
452
1582
1517
2513
1836
3579
3130
2890
2514
1515
2760
1463
123
2480
2027
3181
3080
3377
448
1539
3138
872
1841
2580
1833
1605
1103
3510
2573
772
1643
1373
99
746
2841
3198
2563
2192
3249
2699
174
333
1438
2406
1792
635
2184
2879
1054
1347
1216
556
1451
2311
971
2288
3116
1271
1032
3013
396
2517
1879
2644
932
1611
1009
1996
699
1285
1534
3033
2623
3167
294
244
2277
2678
1047
2127
1837
2443
281
692
2883
2598
32
1178
643
2279
361
3096
1723
1560
408
3470
40
3196
2391
2631
1925
3645
2158
2577
22
460
2117
1928
2263
960
3607
2829
860
261
3049
3134
1759
3646
3628
1064
2779
2373
1207
303
653
1107
175
1892
2423
1128
545
1026
34
1242
758
2017
1233
1187
2286
3047
773
3518
1569
3652
1847
646
2609
1848
152
2601
2956
1435
2149
2009
796
1967
1783
678
2168
3451
2865
3476
2977
343
3259
2944
744
3038
3014
1724
92
2287
3163
705
3152
1140
1240
600
3110
3556
2201
1448
1449
723
2484
1615
2211
1625
2736
2130
2175
865
301
2668
2703
170
999
3462
1368
325
1678
3356
1704
1649
784
756
682
520
983
1389
2997
3253
2758
2138
3411
1052
1910
2550
3020
440
3298
2793
2196
2769
1531
2767
2333
2493
409
2295
2744
3268
2294
2834
2471
1248
1387
1829
304
742
1300
3319
797
3589
1753
2253
2219
3009
905
1513
91
146
1736
3329
2781
2724
894
2986
1440
119
3045
763
190
3674
672
1088
1474
2441
3474
2395
319
625
2535
3664
3388
112
1217
2904
1369
3358
2596
2907
127
3586
2414
2768
2942
2210
241
2549
2072
816
824
1503
1049
2515
1023
798
1700
3426
2819
762
592
1675
2075
1664
423
2966
1849
475
838
1641
2981
2361
2643
1598
871
2298
1831
749
3531
532
402
1230
2190
1941
3065
1375
2584
2576
3461
1979
3565
165
306
35
3643
6
1457
2621
948
881
3006
265
3300
1127
1123
720
834
1470
1138
752
3421
3484
732
789
2301
840
2054
3398
2365
419
673
518
944
336
121
271
1065
3303
390
1121
1459
2161
2116
877
767
1431
2824
2706
519
1689
851
1688
3060
804
1881
3223
228
2355
160
593
841
2344
1493
3142
3156
3502
2146
2134
2291
1782
1624
3640
1351
2805
236
805
2309
710
3133
2946
55
1508
506
488
2880
2775
963
2627
3231
3010
376
636
2268
2720
3680
1228
1222
1445
3443
1329
649
1595
148
2771
2249
2403
3444
2314
661
1889
1155
931
3383
869
2730
1994
1098
879
3
1877
1840
2872
790
358
3676
2421
2004
96
870
2375
1639
2248
3112
166
3068
802
2731
2712
320
3420
3402
1270
1896
1715
691
739
880
1367
2270
2296
136
594
269
2474
2379
1147
1195
1061
2526
3557
1197
68
1522
1264
530
2557
2591
1501
2582
3015
3273
2792
2911
16
882
674
1008
2780
1519
1794
2864
3549
1461
2439
1931
3177
2988
140
135
2251
2916
1376
651
599
1719
2310
1599
2080
1319
69
310
542
832
2225
1636
1226
115
1450
3424
464
3423
3588
3175
956
425
1574
911
584
1930
2368
3425
1905
369
1415
1916
2700
2431
11
3270
3372
3503
3637
2091
2877
913
399
1864
101
2479
3155
54
3500
2011
2919
975
951
1370
3262
3623
105
899
675
3396
1939
335
578
2013
296
883
2180
176
2873
3100
3519
1799
1718
902
3658
218
2649
1477
360
30
1663
321
2382
1533
3171
2486
1521
950
2656
726
1579
461
2420
1017
706
1117
689
2628
721
357
400
3188
2933
1870
1132
1807
1563
2823
2194
1025
969
2462
133
1830
1063
1122
291
186
2494
3094
1763
149
1011
736
892
224
1630
1743
3161
45
2968
853
1565
1940
473
1581
184
652
1518
1209
2402
597
3129
365
1397
2250
373
1708
467
529
648
1631
2657
1125
2855
1901
1756
216
1802
1243
3465
1745
2085
884
3679
77
748
560
2354
280
3536
3521
338
1600
1801
3237
2108
3240
2476
585
2178
1405
3122
2336
3256
3036
2652
2046
2717
3529
3266
2975
3031
650
1322
826
670
823
3598
3349
1298
2220
3633
3221
1713
1976
211
3416
1886
666
1838
485
727
640
3617
1134
893
947
2205
740
2854
2676
2862
2018
3481
3195
2385
2446
2810
3533
570
3123
2637
887
1097
3491
1062
2723
1443
1544
517
2467
3282
1977
2868
2169
1856
1516
3460
1526
1652
3456
2466
235
2037
1021
60
442
1004
1111
2005
217
3661
378
1857
2994
2764
3517
219
1044
2229
616
1546
2136
982
1436
829
113
2548
2021
2133
1670
2153
1182
214
2565
1220
254
1773
1878
2030
3362
2552
2342
3629
3564
1958
1944
3255
3439
171
1965
812
3331
1646
3390
487
3438
1116
2092
1659
249
836
2299
1489
3280
2749
147
292
150
2806
939
435
3054
1190
1851
3487
1572
163
2593
3076
3144
743
3085
2003
547
469
2886
1573
2896
74
1511
2300
3534
2949
1077
2571
3612
2283
1354
1313
623
2579
2435
3162
1042
2927
2953
2049
3201
2331
2905
3119
888
78
3627
3103
3606
381
2954
3677
2489
3369
2711
2458
72
1933
441
62
1665
1699
970
2327
2455
2617
499
3620
1604
1796
1505
70
980
903
1224
229
3515
3520
1398
129
2124
3055
1502
2962
2925
2246
2082
2516
394
3573
3064
266
544
232
3353
242
3486
1956
107
134
1740
504
1530
384
2734
1019
854
424
2321
2330
1520
3333
1223
3514
2669
2659
3023
1112
471
1259
345
3092
1690
559
665
2228
1469
859
1635
1571
1041
3180
1331
2139
51
2068
33
3245
3079
2349
3318
2646
7
1800
2745
2640
1657
3610
2241
1607
2536
2708
426
1181
1193
3413
2140
655
2261
2367
3030
2610
1895
1333
2900
2370
3494
3445
1627
1326
1706
3547
86
1251
2235
3271
1276
3591
2007
2648
1588
474
3585
715
780
3118
3022
437
2766
933
2317
382
2041
3084
3078
1695
843
331
2392
1949
770
835
918
2193
2363
1078
695
2224
182
237
755
2356
3613
1506
3382
3670
3371
757
3241
2522
2504
2616
3577
923
2334
738
1495
3147
1273
3582
212
694
351
1372
2818
1241
2086
3083
1784
3126
3436
196
2364
750
1263
2795
3072
1099
2847
1739
2267
1950
3288
2436
2135
221
1828
103
2359
3109
1694
1131
2038
398
898
2433
3682
2971
866
2985
1583
886
38
991
885
934
3391
1685
1551
505
1714
3380
590
238
3002
3264
2928
410
3454
1676
2230
2604
1566
1162
457
3316
1942
3222
1934
1371
3663
1353
418
1952
2151
1978
965
2432
1342
3418
2264
2307
1803
3323
573
1174
1873
1733
807
2036
3265
3225
2132
1166
1384
708
557
1225
3097
2416
3170
754
2271
1556
696
2680
2174
2020
278
1819
3234
922
267
725
2759
1564
1075
100
786
3389
157
2088
2839
3179
2523
769
1983
3350
1133
2739
3657
340
3535
2647
2281
58
2525
2519
465
1632
3226
1234
1355
2634
2636
1153
388
445
2215
1903
1093
2394
3233
1990
1412
3368
1597
1028
1860
541
703
3595
1227
2778
1188
76
2006
494
2913
205
916
143
3151
81
2585
1204
172
2774
3367
1843
1068
2057
1091
3143
2970
1002
2016
3504
3113
1988
1752
3058
3176
1179
2902
2453
3254
550
926
722
1421
1580
1500
1168
3662
1213
3630
3373
3592
645
1266
3343
1729
2266
523
1199
2763
817
2397
1488
2000
259
822
3026
2182
187
3345
366
1885
1797
818
159
1013
2989
1547
3044
2418
1289
337
1293
1022
2465
1622
2842
3378
3081
1638
3260
3224
2094
1356
1528
372
1812
3649
569
1823
3485
2952
1108
202
2894
2746
2696
3001
2891
2427
2947
2675
89
3207
3483
3341
3252
912
42
2506
3683
1727
2413
2677
3669
1037
3553
1030
2961
2529
1960
3566
379
3499
3605
1937
1423
3202
450
1007
827
3384
1311
2063
2938
2804
2821
162
1432
1148
1336
1499
3216
1634
989
1139
322
564
28
1610
1869
1710
3258
537
1514
2558
1392
3539
552
2109
258
1359
3114
858
1774
2357
783
566
904
1637
3088
2019
2995
1360
1159
690
967
3332
2429
1232
3450
2051
3618
3659
326
2650
128
1365
3571
2740
1496
3543
1935
145
2099
2362
909
2461
2111
3073
907
1550
2042
2813
3302
1221
1770
1498
1673
1567
164
1806
3581
521
2381
839
2869
1936
1301
1492
2325
586
1330
3279
1809
1882
413
3344
2160
1927
2684
230
2437
1973
2770
1069
3447
3560
2390
1081
3248
3005
3490
1096
2728
1738
1170
1997
716
968
496
328
2674
669
1307
151
349
2875
1904
988
2452
2748
2999
2358
2642
2483
1010
3559
17
925
346
401
873
422
2518
239
1748
3471
558
929
454
1507
397
2499
479
2853
1418
2179
2320
1407
374
2572
1818
2064
930
1504
862
3220
562
1385
2058
223
1426
3062
1536
2459
131
3203
2838
1602
332
1142
1789
1757
317
846
849
1256
2655
1867
2590
2469
2570
1640
1452
220
194
1390
1532
1846
1845
3082
2426
2541
2707
1350
2912
2025
1349
575
41
227
2078
1587
3032
979
427
2430
1480
3357
1887
2238
745
555
1558
548
1709
120
3108
3040
2772
2654
1494
998
2142
2209
660
47
2083
3403
704
2239
1286
195
2619
2537
1647
522
2157
1205
490
1616
2532
1321
111
2163
180
3066
3197
1189
1726
1043
863
2173
1483
3214
1686
924
3069
3206
316
1406
1422
3427
1095
1312
1839
2852
751
3046
1343
1959
2783
1917
429
2737
938
491
250
3655
3364
1434
2170
2162
3584
367
455
2965
1861
2442
2685
453
946
3326
1832
3440
717
1815
2240
3017
2150
2924
2545
2457
697
2315
2791
2543
3346
730
2540
3287
98
2727
1257
1890
213
404
300
1805
459
2701
3608
3636
2679
3432
3314
80
463
2533
3199
2845
2725
2672
1265
2050
3025
1720
3639
2697
1114
1795
2914
2751
3089
509
1772
614
3513
284
3414
3516
3158
375
2562
3458
3107
1527
3675
2087
2105
638
831
1305
536
792
14
1145
193
3352
2547
856
3479
2801
3120
2876
247
255
1855
2454
156
647
1202
3091
2612
339
1124
46
295
2388
3472
662
155
2645
1386
1171
2257
3570
3455
2884
273
3019
598
1509
596
2815
1650
3242
2846
3296
3012
3183
1912
2802
1337
1764
617
2546
2348
1750
56
658
2273
283
1442
3567
299
2073
3169
1141
3244
1589
2339
2498
2014
2729
3347
1201
1401
1261
3650
1596
3550
2380
2800
1468
759
995
3435
63
1656
3251
2177
3537
2762
3312
2527
1471
240
197
3404
2352
2983
2814
3212
1135
198
2832
3166
2396
1677
1087
2860
3274
3665
144
3053
688
2850
2159
581
1361
2408
1383
2345
2973
2306
3137
954
1476
1413
1460
2992
2934
1765
3611
431
312
2129
3037
2386
540
1455
2217
3281
3229
253
1288
2074
305
724
2468
515
3489
1951
3219
2123
2503
1529
2688
2626
1691
2399
964
533
776
327
2741
2945
428
2566
613
1080
2278
104
1966
2203
1681
2858
1040
534
3405
919
93
411
837
1786
2798
3578
876
3409
2908
417
3228
2969
1404
1606
1730
1561
1485
204
2328
766
3246
591
1057
2488
2765
1780
1048
659
1858
3184
3325
117
2260
656
1961
2187
354
3360
1374
712
3459
1827
2126
1788
502
1975
958
2520
3412
1790
1826
2702
2478
1586
3102
2206
1982
1252
3681
513
2718
2409
2830
511
1237
2713
2602
1989
966
3626
2844
1357
478
252
8
3301
181
67
347
3041
1884
3393
1568
1282
1165
791
84
139
208
3189
2371
2164
828
1085
2861
1722
1163
641
1543
1985
1570
1382
1486
2871
2682
891
1680
782
1414
3477
1955
2448
1129
897
2319
1317
927
1776
2450
1762
701
1462
2102
2660
1272
3145
602
1258
3018
362
735
1358
1416
3359
2837
2967
667
3090
2920
3307
3042
2119
2691
2507
90
2615
3340
97
2776
2926
1648
3568
2233
1380
1717
1016
3452
2786
2897
1444
2234
2059
2066
1644
2034
677
3351
3247
3235
619
1341
3509
3173
2383
169
1039
1671
1592
476
290
1284
3309
978
1866
248
3104
1490
3354
138
2154
634
1785
3590
2197
632
2284
1623
3587
501
3656
2641
1247
1617
1922
1923
3506
605
380
2275
810
3473
1084
1086
389
2812
2464
3540
2039
1705
1702
2252
2587
83
59
1472
2485
622
543
3507
1211
1737
210
3363
2915
2538
2863
583
1198
2070
2569
377
1479
1185
1433
1754
2335
1555
2010
1294
3125
1400
2586
2366
1850
3024
395
231
1628
3294
3191
1820
3061
3381
737
921
1279
2750
820
3135
403
2290
1318
1523
2052
1447
2156
1662
2941
2343
2606
1969
106
449
3602
1082
233
2733
2155
2144
775
844
3136
1006
3522
1932
2384
2410
3541
489
2477
466
2568
1880
2666
787
3417
2867
1552
2710
3512
2574
3164
1340
1938
864
286
3035
2028
3551
1899
420
2500
611
3146
1402
500
1393
3305
1642
644
2044
2984
2274
1811
3442
3495
3600
79
2658
1066
383
1038
1454
3480
287
2293
2118
1918
1152
3622
3441
1167
2081
1409
1661
2958
1214
3029
910
676
142
2069
2990
209
900
1991
2564
3488
1115
1872
256
1184
1907
1585
3232
188
3172
1060
626
2186
2935
1031
525
2531
330
2787
1137
2889
2212
642
2870
2152
761
1377
1001
878
2100
2895
5
1871
3631
3342
3642
654
996
483
2337
2198
3008
433
2405
2635
407
2106
1698
510
1862
3067
1024
2918
668
806
830
987
1651
1835
2097
201
3099
480
371
2560
3609
1542
1594
508
3482
1287
48
2695
1157
1262
512
481
179
2589
698
314
177
3336
1620
1734
2594
3614
2188
2305
3532
2340
2199
1219
2816
2137
3070
2797
1005
2350
2115
2611
935
973
272
808
1299
108
412
2258
53
29
850
874
3027
3625
21
1482
2316
3468
329
1362
2704
2112
311
3475
1186
1029
3366
627
1475
1798
2308
492
495
2789
1076
2122
1180
707
3284
2937
1328
3574
952
2653
353
624
356
2878
1302
1210
2588
443
774
3187
2784
1297
1269
3428
1441
364
2502
3576
2796
1446
985
574
538
1612
1716
438
1601
3238
1113
1327
861
1348
1212
447
2242
729
2048
436
1072
1712
3407
2976
2979
595
25
1769
482
257
2663
52
268
959
2473
2447
1540
1487
1079
3686
2893
3043
1957
2673
2289
945
302
2901
2023
2866
477
553
801
1055
906
3467
3415
2807
819
1897
2957
917
2923
3648
1238
1618
2424
185
3272
3289
3339
549
3139
109
2247
2214
1893
3671
781
1946
1427
1102
2360
2204
1603
1172
847
1417
1338
37
2389
439
657
1410
2530
405
531
2128
868
2996
604
2496
2651
355
2303
2276
279
64
2236
2785
1584
1668
406
2445
3075
2060
2166
3376
352
3654
1822
3603
2093
2207
2460
955
3250
890
3552
3337
2505
554
1109
1775
1430
3375
1541
31
3293
2629
1510
896
713
778
2438
3526
3433
3330
3153
2755
486
49
1693
1183
234
1731
2554
3131
3478
1791
2951
298
3431
1151
1344
2794
2662
3542
275
1191
2799
986
1865
1254
1562
1332
3401
3004
415
1619
1089
1411
1244
2104
2840
1346
514
270
3275
1245
462
2738
1364
309
803
3186
2255
875
2639
1027
3668
3304
3593
2567
1669
1679
1012
3653
1100
2189
2857
2972
1621
1842
1578
1283
2324
2487
680
3554
1749
3121
3400
1110
777
628
387
246
1156
3063
1194
1420
1998
178
3277
2304
2425
2415
1015
1425
795
3007
1824
813
3446
1235
734
551
2495
3210
681
344
3048
3217
468
1908
621
2910
2690
1176
2398
2939
811
1945
2782
942
3209
2176
788
539
2470
3374
3051
1914
2061
928
27
2756
3604
943
2817
282
183
2001
3399
733
1035
1993
2121
1929
2542
771
1658
2959
2245
1980
2998
1593
3453
110
2614
1981
962
587
3098
1260
809
1758
3394
1160
3278
3562
1083
3546
3174
3320
61
2181
2592
981
1687
3059
3295
2444
88
2322
3111
1902
2318
50
546
568
1913
1963
2143
1169
1777
1306
1968
3634
87
26
2632
2062
848
914
2491
1741
3056
941
3077
2811
2411
760
1590
1859
1591
1538
1324
1473
2032
3651
524
1761
940
718
2482
472
43
1464
1074
1119
3267
2955
984
3361
3599
577
857
631
565
1943
3291
456
493
1106
3464
2481
825
526
2671
1545
1130
867
3230
124
3261
2221
2822
2665
1424
192
2497
3165
764
2743
421
274
94
3496
785
189
161
1268
1844
446
3528
3150
1744
1999
779
2079
833
2223
1101
3306
2922
2145
1056
1429
1314
842
458
1814
2227
1512
687
2638
1267
3313
2297
1684
993
821
2607
1728
1645
3437
589
2172
3430
571
2974
3684
3213
19
2035
3286
102
2931
977
1236
200
44
3149
2341
2213
264
2292
2237
1992
3501
3548
855
3148
799
2338
2089
794
2608
130
15
315
1250
2377
2053
1034
2909
1277
1793
243
2029
2978
615
2393
3182
1050
3525
1747
1874
324
3324
1045
2400
1725
1909
2165
289
3408
2964
2605
1200
567
3192
1751
961
3511
3160
1954
3524
1672
3638
1304
1215
3000
3308
2906
203
1144
2948
1036
2888
3257
1816
73
992
1352
1
2581
606
2512
2620
